Codes:

// Power ON/OFF
const unsigned int S_pwr[68]={4600,4350,700,1550,650,1550,650,1600,650,450,650,450,650,450,650,450,700,400,700,1550,650,1550,650,1600,650,450,650,450,650,450,700,450,650,450,650,450,650,1550,700,450,650,450,650,450,650,450,650,450,700,400,650,1600,650,450,650,1550,650,1600,650,1550,650,1550,700,1550,650,1550,650};

// channel 1 
const unsigned int S_1[68]={4650,4300,700,1550,700,1550,650,1550,700,400,700,400,700,400,700,450,700,400,700,1500,700,1500,700,1550,700,450,650,400,700,450,650,450,700,400,700,400,700,450,650,1550,700,400,700,400,700,400,700,450,650,450,650,1550,700,1500,700,450,650,1550,700,1550,650,1550,700,1500,700,1550,650};

// channel 2
const unsigned int S_2[68]={4600,4350,650,1550,700,1500,700,1550,700,400,700,400,700,450,650,450,700,400,700,1500,700,1500,700,1550,700,400,700,450,650,450,700,400,700,400,700,1500,700,400,700,1550,700,400,700,400,700,450,650,450,700,400,700,400,700,1550,650,450,700,1500,700,1550,650,1550,700,1500,700,1550,650};

// channel 3
const unsigned int S_3[68]={4600,4350,700,1500,700,1550,650,1600,650,400,700,450,700,400,700,400,700,400,700,1550,650,1550,700,1500,700,400,700,450,700,400,700,400,700,400,700,400,700,1550,700,1500,700,450,650,450,700,400,700,400,700,400,700,1550,700,400,700,400,700,1550,650,1550,700,1500,700,1550,700,1500,700};

// channel 4
const unsigned int S_4[68]={4600,4350,650,1550,700,1500,700,1550,700,400,700,400,700,450,650,450,700,400,700,1500,700,1550,650,1550,700,400,700,450,650,450,700,400,700,400,700,400,700,400,700,450,650,1550,700,400,700,400,700,450,700,400,700,1500,700,1550,650,1550,700,400,700,1550,650,1550,700,1500,700,1550,650};

// channel 5
const unsigned int S_5[68]={4650,4350,700,1500,700,1550,650,1550,700,400,700,450,700,400,700,400,700,400,700,1500,700,1550,700,1500,700,450,650,450,700,400,700,400,700,400,700,1550,700,400,700,400,650,1550,700,450,650,450,700,400,700,450,650,450,650,1550,650,1550,700,400,700,1550,700,1500,700,1500,700,1550,700};

// channel 6
const unsigned int S_6[68]={4600,4350,650,1550,700,1500,700,1550,700,400,700,400,700,450,650,450,700,400,700,1500,700,1550,650,1550,700,400,700,450,700,400,700,400,700,400,700,400,700,1550,700,400,700,1500,700,450,650,450,700,400,700,400,700,1550,650,450,650,1550,700,400,700,1550,650,1550,700,1500,700,1550,650};
 
// channel 7
const unsigned int S_7[68]={4600,4350,700,1500,700,1550,650,1550,700,400,700,450,700,400,700,400,700,400,700,1550,650,1550,700,1500,700,400,700,450,700,400,700,400,700,400,700,450,650,450,650,1550,700,1500,700,450,700,400,700,400,700,450,650,1550,650,1550,700,450,650,400,700,1550,700,1500,700,1550,650,1550,700};
 
// channel 8
const unsigned int S_8[68]={4600,4350,650,1600,650,1500,700,1550,700,400,700,400,700,400,700,450,700,400,700,1500,700,1550,650,1550,700,400,700,450,650,450,700,400,700,400,700,1550,650,450,650,1550,700,1500,700,450,700,400,700,400,700,400,700,400,700,1550,700,400,700,450,650,1550,650,1550,700,1500,700,1550,650};
 
// channel 9
const unsigned int S_9[68]={4600,4350,700,1500,700,1550,650,1550,700,400,700,450,650,450,650,450,700,400,700,1500,700,1550,700,1550,650,400,700,450,700,400,700,400,700,400,700,450,650,1550,650,1600,650,1550,650,450,700,400,700,400,700,400,700,1550,700,400,700,400,700,400,700,1550,700,1500,700,1500,700,1550,700};
 
// channel 0
const unsigned int S_0[68]={4650,4300,700,1550,700,1500,700,1550,700,400,700,400,700,400,700,450,650,450,650,1550,700,1550,650,1550,700,400,700,400,700,400,700,450,700,400,700,1550,650,400,700,450,700,400,650,1550,700,400,700,450,700,400,700,400,700,1500,700,1550,700,1500,700,400,700,1550,650,1550,700,1500,700};
 
// source
const unsigned int S_scr[68]={4600,4350,700,1550,650,1550,700,1500,700,450,650,450,700,400,700,400,700,400,700,1550,700,1500,700,1550,700,400,700,400,700,400,700,400,700,400,700,1550,700,400,700,450,650,450,650,450,700,400,700,400,700,400,700,450,650,1550,700,1500,700,1550,650,1550,700,1500,700,1550,700,1500,700};
 
// channel up
const unsigned int S_pup[68]={4600,4350,700,1500,700,1500,700,1550,700,450,650,400,700,450,650,450,700,400,700,1500,700,1550,650,1550,700,450,650,450,700,400,700,400,700,400,700,400,700,1550,700,400,700,400,700,1550,650,450,700,400,700,400,700,1550,650,450,650,1600,650,1550,650,450,700,1500,700,1500,700,1550,650};
 
// channel down
const unsigned int S_pdown[68]={4650,4300,700,1550,700,1500,700,1550,700,400,700,400,700,400,700,450,650,450,650,1550,700,1500,700,1550,700,400,700,400,700,400,700,450,700,400,700,400,700,400,700,450,650,450,650,1550,700,400,700,450,650,400,700,1550,700,1500,700,1550,700,1500,700,400,700,1550,650,1550,700,1500,700};
 
// volume up
const unsigned int S_vup[68]={4600,4350,650,1550,700,1500,700,1550,700,400,700,400,700,450,650,450,700,400,700,1500,700,1550,650,1550,700,400,700,400,700,450,650,450,700,400,700,1500,700,1550,650,1550,700,400,700,450,700,400,700,400,700,400,700,450,650,450,650,450,650,1550,700,1500,700,1550,700,1500,700,1550,650};

// volume down
const unsigned int S_vdown[68]={4600,4350,700,1550,650,1550,700,1500,700,450,650,450,700,400,700,400,700,400,700,1550,700,1500,700,1550,700,400,700,400,700,400,700,450,650,450,650,1550,700,1500,700,450,650,1550,700,400,700,400,700,450,700,400,700,400,700,400,700,1550,700,400,700,1500,700,1500,700,1550,700,1500,700};

// TV/DTV
const unsigned int S_tv[68]={4600,4350,650,1550,700,1500,700,1550,700,400,700,400,700,400,700,450,700,400,700,1500,700,1500,700,1550,700,400,700,400,700,450,650,450,700,400,700,1500,700,1550,700,400,700,400,700,400,700,400,700,1550,700,400,700,400,700,400,700,1550,700,1500,700,1550,650,1550,700,400,700,1500,700};
 
// guide
const unsigned int S_guide[68]={4600,4350,700,1500,700,1550,700,1500,700,450,650,450,700,400,700,400,700,400,700,1550,650,1550,700,1500,700,450,650,450,700,400,700,400,700,400,700,1550,700,1500,700,1550,650,1550,700,400,700,400,700,1550,700,400,700,400,700,400,700,450,700,400,650,1550,700,1550,650,450,700,1500,700};

// exit
const unsigned int S_exit[68]={4650,4300,700,1550,650,1550,700,1550,700,400,700,400,700,450,650,450,650,450,650,1550,700,1500,700,1550,700,450,650,400,700,450,650,450,700,400,700,1500,700,400,700,1550,700,1500,700,400,700,1550,700,450,650,400,700,450,650,1550,700,400,700,400,700,1550,650,450,650,1550,700,1500,700};
 
// mute
const unsigned int S_mute[68]={4650,4350,650,1550,650,1550,700,1550,700,400,700,400,700,400,700,450,650,450,650,1550,700,1500,700,1550,700,400,700,450,650,400,700,450,700,400,700,1500,700,1550,650,1550,700,1500,700,450,700,400,700,400,700,400,700,400,700,450,650,450,700,400,700,1500,700,1550,650,1550,700,1500,700};